{
    "n_steps": 512,
    "gamma": 0.9423050781656934,
    "learning_rate": 1.7541893487450798e-05,
    "ent_coef": 0.0009565499215943821,
    "gae_lambda": 0.8065338190118916,
    "vf_coef": 0.9183883618709039,
    "max_grad_norm": 0.3070239852800135
}